714 400 8 16 3
0 0 0 0 0 15 15 15 2 1 1 1 1 1 1 1 1 1 1 1 1 1 1 1 1 1 2 0 11 12 3 3 3 3 3 3 3 3 3 3 3 3 3 3 3 3 4 4 3 3 3 12 12 12 9 9 9 9 9 12 12 3 12 12 14 8 8 3 3 4 4 3 12 12 3 4 4 3 3 12 12 14 14 14 14 9 12 9 14 
0 0 15 15 15 15 2 2 1 1 1 1 1 1 2 2 2 1 1 1 1 1 1 1 1 1 2 11 9 12 3 3 3 3 3 3 3 3 3 3 3 3 4 3 3 3 3 3 3 3 3 12 12 12 9 0 13 13 14 14 12 12 12 12 12 6 6 3 3 4 4 12 12 12 3 3 12 12 12 12 11 11 14 14 14 9 9 14 14 
0 15 15 15 2 2 1 1 1 1 1 1 1 1 15 15 15 15 2 1 1 1 1 1 1 2 0 11 12 3 3 3 3 3 4 4 4 4 4 4 4 4 4 4 3 3 3 3 3 3 3 3 3 3 12 11 11 11 12 12 12 12 12 12 12 6 6 6 12 3 3 3 3 3 3 3 12 12 12 12 12 11 13 14 14 9 11 14 14 
15 15 15 15 2 1 1 1 1 1 1 1 1 15 0 0 0 15 15 2 1 1 1 1 1 2 0 9 12 3 3 3 4 4 4 4 4 4 4 4 4 4 4 4 3 3 3 3 3 3 3 3 3 3 3 12 3 3 3 3 12 12 12 12 12 6 6 6 3 4 4 3 3 3 3 12 12 12 8 3 3 12 14 14 14 13 13 15 14 
15 15 15 15 2 1 1 1 1 1 1 1 15 0 0 11 11 0 0 2 2 2 1 1 2 15 11 9 12 3 3 3 3 4 4 4 4 4 4 4 3 3 3 3 3 3 3 3 3 3 3 3 3 3 3 3 3 3 3 3 12 12 12 12 12 12 8 12 3 4 4 12 12 3 3 12 12 12 8 3 3 3 12 6 14 1 13 0 15 
0 0 15 15 2 1 1 1 1 1 1 2 0 0 11 11 11 11 0 15 2 2 2 2 2 13 11 9 12 3 3 3 3 3 4 3 3 3 3 3 3 3 3 3 3 3 3 3 3 3 3 3 3 3 3 3 3 6 3 12 12 12 12 12 12 12 12 12 12 3 12 12 3 3 3 12 12 8 8 9 12 9 14 12 8 1 0 0 1 
0 0 0 15 1 1 1 1 1 1 1 15 0 11 9 9 9 9 11 0 15 2 2 2 2 0 11 9 12 12 3 3 3 3 3 3 3 3 3 3 3 3 3 3 3 3 3 3 3 3 12 12 3 3 3 3 6 6 6 12 12 12 12 12 12 12 12 12 12 3 12 12 3 3 12 14 14 8 8 13 11 11 14 8 13 0 0 0 1 
0 0 0 0 1 1 1 1 1 1 2 0 11 9 9 9 9 9 11 0 15 2 2 2 2 0 11 9 9 12 12 3 3 3 3 3 3 3 3 3 3 3 3 3 3 3 4 4 3 3 12 12 12 12 3 3 6 6 6 6 14 14 14 12 3 3 3 3 3 3 3 12 12 12 12 14 14 12 12 11 9 9 11 14 14 11 9 14 14 
0 0 0 0 2 1 1 1 1 1 15 0 11 9 9 9 9 9 11 0 15 2 2 2 15 0 11 9 9 9 12 12 3 3 3 3 3 3 3 3 3 3 3 3 3 4 3 3 3 3 3 3 12 3 3 3 6 6 6 6 12 14 12 12 3 12 12 12 4 3 3 6 12 8 12 12 14 14 9 9 9 9 13 14 14 11 14 14 14 
0 0 0 0 2 1 1 1 1 1 15 0 11 9 9 9 9 9 11 0 15 2 2 2 15 11 11 9 9 9 12 12 3 3 3 3 3 3 3 3 3 3 3 3 4 4 4 3 12 3 3 3 3 3 3 3 6 6 6 6 6 12 12 12 12 12 9 3 4 6 6 8 7 8 12 14 14 14 14 14 13 14 14 14 9 0 14 14 14 
0 0 0 0 2 1 1 1 1 1 15 0 11 11 9 9 9 11 0 0 15 15 2 15 13 11 9 12 12 12 12 12 3 3 3 3 3 3 3 3 3 3 4 4 4 4 4 4 4 3 3 3 3 3 3 3 6 6 6 6 6 12 12 12 12 12 3 4 6 6 5 9 14 14 14 14 14 14 14 14 14 14 14 14 13 1 1 1 14 
0 0 0 2 2 1 1 1 1 2 0 0 11 11 11 11 11 11 0 0 0 15 15 15 13 11 9 12 12 12 12 3 3 3 3 3 4 4 4 4 4 4 4 4 4 4 4 4 4 3 12 12 3 3 3 3 4 6 6 6 6 3 3 12 12 3 3 12 12 3 3 12 14 14 14 14 14 15 1 14 15 1 1 1 1 1 1 1 1 
0 0 0 2 1 1 1 1 1 2 0 0 0 11 11 11 11 0 0 0 0 13 15 13 0 9 12 12 12 12 3 3 3 3 3 4 4 4 4 4 4 4 4 4 4 4 4 4 4 4 3 9 12 3 3 3 6 6 6 6 6 3 3 3 3 3 12 5 3 3 3 12 14 1 1 1 1 1 1 15 9 12 1 1 1 1 1 1 12 
15 15 2 2 1 1 1 1 1 0 0 0 11 11 11 11 11 11 11 11 0 0 15 13 11 9 12 12 3 3 3 3 3 3 4 4 4 4 4 4 4 4 4 4 4 4 4 3 3 4 3 3 11 9 12 3 6 6 6 6 6 6 12 12 3 12 12 3 6 3 3 12 14 1 1 15 15 15 12 0 3 3 15 1 0 0 1 12 6 
0 15 2 2 1 1 1 1 2 0 0 11 11 11 11 11 11 11 11 11 11 0 13 13 11 12 12 3 3 3 3 3 3 3 4 4 4 4 4 4 4 4 4 4 4 4 3 3 6 6 6 6 6 14 14 12 6 6 6 6 6 6 12 12 5 12 4 3 6 12 12 15 15 1 11 12 9 12 0 3 12 6 12 1 0 0 5 6 8 
0 15 2 2 1 1 1 1 15 0 11 11 9 9 9 9 9 9 9 11 11 0 13 11 11 12 12 3 3 3 3 3 3 3 4 4 4 4 4 4 4 4 4 4 4 4 4 3 6 6 6 6 6 6 15 5 3 6 6 6 6 6 14 13 12 12 4 3 12 9 0 14 15 1 9 9 9 9 3 11 3 6 6 15 1 1 6 6 8 
0 0 15 2 2 2 2 2 0 11 11 9 9 12 12 12 12 12 9 9 11 11 11 11 12 12 3 3 3 3 3 3 3 3 4 4 4 4 4 4 4 4 4 4 4 4 4 4 7 6 6 6 6 6 6 13 5 6 6 6 6 6 14 14 13 3 6 6 6 11 15 1 14 1 11 12 12 3 12 1 3 6 6 6 1 14 6 8 14 
0 0 15 15 15 15 15 0 11 11 9 12 12 12 12 12 12 12 12 12 12 11 11 12 12 3 3 3 3 3 3 3 3 3 4 4 4 4 4 4 4 4 4 4 4 4 4 12 12 7 12 8 6 12 6 12 13 12 12 12 6 8 14 14 14 6 6 6 6 12 15 14 14 13 12 9 9 9 10 1 3 6 3 6 15 12 6 8 14 
0 0 0 15 13 13 0 11 9 12 12 12 3 3 3 3 3 3 3 12 12 12 12 12 12 3 3 3 3 3 3 3 3 3 3 3 3 3 4 3 6 6 3 3 3 4 3 12 14 14 12 8 6 8 8 6 15 7 12 13 12 14 14 2 7 6 6 6 6 6 15 13 14 12 9 9 10 14 15 1 3 6 3 6 12 12 8 14 1 
11 0 0 0 0 0 11 9 9 12 3 3 3 3 3 3 3 3 3 3 3 12 12 12 3 3 3 3 3 3 3 3 3 3 3 3 3 3 3 3 6 6 6 6 3 3 12 14 14 7 14 8 8 8 8 8 14 2 14 14 14 14 15 1 6 6 6 6 6 6 6 14 14 11 15 15 1 12 6 15 3 3 6 6 12 7 8 8 15 
11 11 11 11 11 11 11 9 12 3 3 3 3 3 3 3 3 3 3 3 3 3 3 3 3 3 3 3 3 3 3 3 3 3 3 3 3 3 3 3 6 6 6 6 6 3 12 14 14 14 14 7 14 12 8 7 13 14 1 14 15 1 2 1 6 6 6 6 6 6 6 15 13 0 15 1 15 12 6 6 7 6 6 6 8 14 14 14 13 
11 11 11 11 11 11 9 9 12 3 3 3 3 3 3 3 3 3 3 3 3 3 3 3 3 3 3 3 3 3 3 3 3 3 3 3 3 12 12 3 6 6 6 6 6 6 6 14 14 14 15 1 7 8 14 8 14 14 14 13 1 2 1 1 6 6 6 6 6 6 6 13 1 0 0 1 15 7 6 6 6 8 12 3 8 14 14 14 14 
9 9 9 9 9 12 12 12 12 3 3 3 3 3 3 3 3 3 3 3 3 3 3 3 3 12 12 3 3 3 3 3 3 4 3 3 12 12 8 5 3 6 6 6 6 6 6 13 14 14 2 1 14 14 14 14 14 14 14 1 14 15 1 1 6 6 6 6 6 6 6 13 1 10 1 14 14 12 7 6 6 8 14 14 8 14 8 14 15 
9 9 9 12 12 12 12 12 12 3 3 3 3 3 3 3 3 3 3 3 3 3 3 3 12 12 12 3 3 3 3 3 3 3 3 3 3 12 12 12 14 6 6 6 6 6 6 6 15 15 1 1 14 1 14 6 8 8 14 15 1 14 1 1 5 6 6 6 6 6 6 8 1 1 14 14 14 14 14 12 8 14 8 8 8 8 14 14 14 
9 9 9 12 12 12 12 12 9 12 3 3 3 3 3 3 3 3 3 3 3 12 12 12 9 9 12 3 3 3 3 3 3 3 3 3 3 3 12 12 12 7 6 6 6 3 6 6 13 2 1 1 14 3 6 6 14 14 15 14 15 1 1 1 7 6 6 6 7 6 8 14 1 1 14 14 14 14 14 9 12 8 14 14 1 1 14 14 8 
11 11 9 9 12 12 12 9 9 9 12 3 3 3 3 12 12 12 12 12 9 9 9 9 11 9 9 12 3 3 3 3 3 3 3 3 4 4 3 12 11 14 12 6 6 12 6 6 8 1 1 14 6 6 12 15 1 15 2 2 1 2 1 1 1 5 6 6 8 8 8 2 1 14 12 12 11 14 14 14 7 14 14 8 1 14 8 15 1 
0 0 11 9 9 9 9 12 9 9 12 12 12 12 12 12 9 12 9 9 11 9 4 3 11 11 9 9 12 12 3 3 4 3 3 3 3 3 3 12 3 3 12 12 6 8 12 8 14 2 1 14 8 8 2 1 1 1 15 1 1 1 1 1 1 1 8 8 14 14 14 1 1 9 9 15 14 8 14 14 14 14 15 14 14 8 14 1 11 
11 9 3 9 9 9 9 3 3 9 12 3 3 12 9 9 3 3 12 11 11 4 4 3 9 11 9 9 9 12 3 3 3 3 3 6 6 12 8 14 14 7 12 12 12 8 14 14 14 1 14 7 14 2 1 1 1 1 1 2 1 1 1 1 1 1 14 14 14 14 2 1 1 2 9 15 2 1 14 14 14 14 14 14 14 14 15 1 1 
9 9 9 9 9 11 0 9 9 9 9 9 9 9 9 9 9 9 9 9 11 3 3 9 11 9 9 9 9 9 12 12 12 12 11 12 11 15 15 14 7 14 14 12 12 8 14 14 2 1 14 14 1 1 11 1 1 1 1 1 2 1 2 1 1 1 1 14 14 1 1 1 1 1 2 1 1 1 14 14 2 0 1 15 1 14 1 1 1 
0 0 11 11 11 0 0 0 0 0 0 3 3 11 11 11 0 0 0 11 11 9 9 9 9 9 9 9 9 9 13 9 12 9 9 9 12 12 9 9 9 11 15 14 14 13 14 14 1 1 2 1 1 1 11 2 1 1 1 1 1 2 1 2 1 1 1 1 1 1 1 1 1 1 1 1 1 2 1 14 1 1 1 14 1 14 14 15 1 
0 1 1 1 9 1 11 0 0 0 0 3 9 0 0 11 0 0 2 1 1 0 11 11 11 11 9 12 11 11 9 12 9 9 12 12 9 3 3 4 12 9 15 2 1 2 1 1 1 1 1 1 1 1 2 1 1 1 1 1 1 1 1 1 1 1 1 1 1 1 1 1 0 2 11 0 13 9 13 14 14 14 1 14 14 14 14 14 15 
10 10 10 1 1 1 1 1 1 2 1 1 10 10 10 11 11 0 10 10 10 10 10 10 10 10 1 9 0 0 11 12 12 12 12 12 3 12 9 12 13 14 0 2 2 14 14 14 1 1 14 14 1 1 0 11 1 1 1 1 1 1 1 1 1 1 14 14 1 1 1 1 1 2 10 12 13 13 14 14 14 14 14 14 15 14 14 14 7 
1 1 1 1 1 1 1 1 1 1 1 1 1 1 1 1 1 2 1 1 1 1 1 2 2 2 13 0 11 9 9 12 12 12 12 12 12 12 3 3 12 14 13 15 14 14 14 14 11 2 14 14 14 14 1 9 1 1 1 1 1 1 1 1 1 14 14 14 14 14 14 1 1 1 1 1 2 1 14 14 14 14 14 14 14 14 14 14 14 
1 1 1 1 1 11 2 1 1 1 1 1 1 1 1 3 11 1 1 2 2 1 1 3 11 1 1 1 1 2 15 15 14 14 14 14 14 14 14 9 9 11 11 11 14 14 14 14 9 9 11 14 14 14 14 1 1 1 1 1 1 1 1 1 1 14 14 14 14 14 14 1 1 1 1 1 1 14 14 14 14 14 14 14 8 14 14 14 14 
1 1 1 1 1 3 9 1 1 1 1 1 1 1 9 4 4 2 1 1 1 1 3 4 4 2 1 1 2 2 0 11 11 11 13 13 12 3 12 12 12 9 11 14 14 14 14 14 14 12 9 14 14 14 14 14 1 1 1 1 1 1 1 1 1 14 14 14 14 14 14 15 1 1 1 15 1 14 14 14 14 14 14 14 14 14 14 14 14 
2 0 0 2 1 10 1 1 1 1 1 1 2 1 9 4 3 2 1 1 1 1 9 4 9 1 1 2 0 0 0 11 11 0 0 11 4 4 12 9 3 3 12 11 14 14 14 14 14 14 15 11 14 14 14 14 11 12 11 1 1 1 1 1 1 14 14 14 14 14 14 0 0 1 1 1 1 14 14 14 14 14 12 3 14 14 14 14 14 
0 0 1 1 1 1 1 1 1 1 1 1 1 1 0 9 9 2 1 1 1 1 1 10 1 2 0 0 0 0 11 11 11 9 9 9 4 4 12 9 3 3 3 12 12 14 14 14 14 9 3 12 9 14 14 11 3 3 12 0 1 1 1 1 1 14 12 14 14 14 14 13 10 1 0 2 14 14 14 14 1 3 3 3 12 14 14 14 14 
1 1 1 1 1 1 1 1 1 1 1 1 1 1 1 10 10 1 1 1 1 1 9 9 0 1 0 0 12 12 11 0 11 11 11 11 9 9 15 11 3 3 12 12 12 12 14 14 14 12 3 12 9 14 11 12 3 3 12 0 1 1 1 1 1 11 12 14 14 8 14 2 1 1 11 0 11 11 11 15 1 3 3 3 12 14 14 14 14 
1 1 1 1 1 1 1 1 1 1 1 1 1 1 1 1 1 1 1 1 1 11 3 9 9 0 0 3 3 3 3 11 11 11 11 9 9 9 0 13 11 11 11 12 12 14 14 14 14 9 12 9 0 14 9 12 3 3 9 2 1 1 1 1 1 14 12 14 14 12 12 15 2 1 9 9 9 0 15 1 1 14 12 12 12 15 14 14 14 
1 1 1 1 1 1 1 1 1 1 1 1 1 1 1 1 1 1 1 1 1 0 9 9 9 11 11 3 3 3 3 9 11 11 11 9 9 9 11 13 9 12 12 14 14 14 14 14 14 14 14 15 15 14 11 9 9 0 15 15 1 2 1 1 1 14 14 14 12 12 12 0 0 15 9 9 9 0 2 1 1 14 14 14 14 2 14 14 14 
1 1 0 1 1 1 1 1 1 1 1 1 1 1 1 1 1 1 1 1 1 1 10 9 11 0 11 9 3 3 3 9 9 9 11 9 9 11 11 12 12 12 12 12 12 12 12 14 14 14 14 15 15 15 13 0 0 15 15 15 2 14 14 15 1 14 14 8 12 12 12 11 9 11 13 9 9 11 11 15 1 14 14 14 13 1 15 13 13 
1 1 1 1 0 0 0 0 1 1 1 1 1 1 1 1 1 1 1 1 1 1 1 2 2 2 1 0 9 9 9 9 9 9 9 9 9 9 9 12 12 12 12 12 12 12 12 11 14 14 14 13 15 15 14 13 2 1 15 15 14 14 14 14 14 14 12 12 12 12 12 9 9 0 13 9 3 12 9 9 15 14 13 13 0 15 15 13 13 
9 11 0 1 1 0 0 2 1 1 1 11 11 11 11 1 1 1 1 1 1 1 2 11 11 11 2 0 0 0 9 9 9 9 9 11 11 9 9 3 4 4 4 3 12 12 12 9 14 14 14 13 14 14 14 14 14 15 14 14 14 14 14 14 15 14 9 12 12 12 12 12 9 13 13 3 3 3 12 9 9 15 13 13 0 0 0 0 13 
9 9 9 11 1 1 1 1 1 1 9 9 9 9 9 9 1 1 1 1 1 1 9 9 9 9 12 11 10 0 0 0 11 0 13 13 11 11 4 4 4 4 4 4 4 12 12 9 13 14 14 13 14 14 14 14 14 12 3 3 3 12 14 12 15 14 13 9 11 9 9 9 11 13 13 3 3 3 12 9 9 15 15 15 0 0 0 0 15 
9 9 9 9 0 1 1 1 1 11 9 9 9 9 9 9 11 1 1 1 1 9 9 9 9 9 9 9 2 1 1 15 13 13 13 13 13 3 4 4 4 4 4 4 4 3 9 9 11 11 15 14 14 14 14 14 3 12 12 3 3 3 3 9 13 15 13 9 9 0 11 9 13 14 13 9 9 9 9 9 0 15 15 13 0 0 0 2 1 
9 9 9 9 0 1 1 1 1 9 9 9 9 9 9 9 9 1 1 1 0 9 9 9 9 9 9 9 11 1 1 15 13 13 13 13 13 3 4 4 4 4 4 4 4 3 9 9 12 9 9 9 11 14 14 14 12 12 12 12 12 3 3 11 15 15 13 11 11 11 11 11 0 13 15 13 9 9 9 0 15 15 15 15 13 2 1 1 1 
9 9 9 9 10 1 1 1 1 9 9 9 9 9 9 9 9 1 1 1 1 9 9 9 9 9 9 9 11 1 2 2 0 0 0 0 13 3 4 4 4 4 4 4 4 3 9 12 9 9 9 9 9 0 15 11 12 12 12 12 12 12 12 9 15 15 15 0 9 11 11 0 0 13 13 15 15 15 15 15 2 2 15 1 1 1 1 1 1 
9 9 9 11 1 1 1 1 1 0 9 9 9 9 9 9 0 1 1 1 1 9 9 9 9 9 9 9 0 1 2 0 0 0 0 15 15 9 4 4 4 4 4 4 4 12 9 9 9 9 9 11 11 11 15 13 9 9 9 9 12 12 12 9 15 15 15 0 9 9 11 0 0 0 0 0 15 15 15 2 1 1 1 1 1 1 1 1 1 
9 9 9 10 1 1 1 1 1 1 9 9 9 9 9 11 10 1 1 1 1 0 9 9 9 9 9 0 1 1 1 1 2 2 2 2 1 1 3 3 3 3 3 4 12 0 9 9 9 9 11 0 0 0 15 15 9 9 11 9 9 9 9 13 2 2 15 9 9 11 0 0 0 0 13 15 2 1 1 1 1 1 1 1 1 1 1 1 1 
10 10 1 1 1 1 1 1 1 1 1 0 9 9 11 10 1 1 1 1 1 1 10 9 9 9 10 1 1 1 1 1 1 2 1 1 1 1 1 9 3 3 3 9 2 15 9 9 9 11 11 0 0 0 15 2 13 11 11 11 11 11 10 1 1 1 1 9 9 0 0 0 15 15 2 1 1 1 1 1 1 1 1 1 1 1 1 1 1 
56 101 68 56 101 68 56 101 68 55 100 67 55 100 67 55 100 67 54 99 66 54 99 66 56 101 68 56 101 68 55 100 67 55 100 67 55 100 67 54 99 66 54 99 66 54 99 66 55 100 67 55 100 67 55 100 67 54 99 66 54 99 66 54 99 66 53 98 65 53 98 65 54 99 66 54 99 66 54 99 66 54 99 66 53 98 65 53 98 65 53 98 65 52 97 64 54 99 66 53 98 65 53 98 65 53 98 65 52 97 64 52 97 64 52 97 64 52 97 64 53 98 65 53 98 65 52 97 64 52 97 64 52 97 64 51 96 63 51 96 63 51 96 63 52 97 64 52 97 64 52 97 64 51 96 63 51 96 63 51 96 63 50 95 62 50 95 62 52 97 64 52 97 64 51 96 63 51 96 63 51 96 63 50 95 62 50 95 62 50 95 62 
25 60 38 25 60 38 26 61 39 27 62 38 29 64 40 30 65 41 31 66 42 29 68 41 25 60 38 26 61 39 26 61 37 28 63 39 29 64 40 30 65 41 31 66 42 29 68 41 26 61 37 26 61 37 27 62 38 28 63 39 29 65 39 31 67 41 31 67 41 30 69 42 26 61 37 27 62 38 28 63 39 29 64 40 30 66 40 31 67 41 32 68 42 31 70 43 27 62 38 28 63 39 29 65 39 30 66 40 31 67 41 32 68 42 33 69 43 32 71 44 28 63 39 29 64 40 29 65 39 31 67 41 32 68 42 33 69 43 34 70 44 32 71 44 29 64 40 29 64 40 30 66 40 31 67 41 32 68 42 34 70 44 34 70 42 33 72 43 29 64 40 29 65 39 30 66 40 31 67 41 33 69 43 34 70 44 35 71 43 33 72 43 
46 69 41 46 69 41 46 69 41 45 68 40 45 68 40 44 67 39 44 67 39 44 67 39 46 69 41 46 69 41 46 69 41 45 68 40 45 68 40 45 68 40 44 67 39 44 67 39 46 69 41 46 69 41 46 69 41 46 69 41 45 68 40 45 68 40 45 68 40 44 67 39 47 70 42 47 70 42 46 69 41 46 69 41 46 69 41 45 68 40 45 68 40 45 68 40 47 70 42 47 70 42 47 70 42 46 69 41 46 69 41 46 69 41 45 68 40 45 68 40 48 71 43 47 70 42 47 70 42 47 70 42 46 69 41 46 69 41 46 69 41 46 69 41 48 71 42 48 71 42 47 70 41 47 70 41 47 70 41 46 69 40 46 69 40 46 69 40 48 71 42 48 71 42 48 71 42 47 70 41 47 70 41 46 69 40 46 69 40 46 69 40 
106 165 97 106 166 96 108 168 98 109 169 97 111 171 99 112 172 98 113 173 99 114 174 100 106 166 96 107 167 97 108 168 96 109 169 97 111 171 97 112 172 98 114 174 100 114 174 100 106 166 96 107 167 97 108 168 96 110 170 98 111 171 97 113 173 99 114 175 98 115 175 101 107 167 97 107 167 95 108 168 96 110 170 96 112 172 98 113 173 99 114 175 98 115 176 99 107 167 97 108 168 96 109 169 97 110 170 96 112 172 98 114 175 98 115 176 99 115 176 99 107 167 95 108 168 96 109 169 95 111 171 97 112 173 96 114 175 98 115 176 99 116 177 100 108 168 96 108 168 96 110 170 96 111 171 97 113 174 97 114 175 98 115 176 99 116 177 100 108 168 96 109 169 97 112 170 96 113 171 97 115 173 97 116 174 98 118 176 100 118 176 100 
158 208 139 160 207 137 160 207 139 161 208 140 161 208 140 161 208 140 162 209 141 162 209 141 160 207 139 160 207 137 161 208 140 161 208 140 162 209 141 162 209 141 162 209 141 162 209 141 161 208 140 161 208 138 162 209 139 162 209 139 162 209 139 163 210 140 163 210 140 163 210 140 162 209 139 162 209 139 163 210 140 163 210 140 164 211 141 164 211 139 164 211 139 164 211 139 164 211 141 164 211 139 164 211 139 164 211 139 165 212 140 165 213 139 166 214 140 166 214 138 165 212 140 165 212 140 165 212 140 166 214 140 166 214 140 166 214 138 167 216 137 167 216 137 167 213 140 167 213 140 167 213 140 167 213 138 168 215 137 168 215 135 169 216 135 169 216 135 167 213 138 167 213 138 168 214 139 168 215 137 168 215 135 169 216 135 169 217 133 169 217 131 
64 118 58 77 125 77 45 91 45 94 141 87 68 120 46 89 148 54 114 181 65 113 176 59 61 112 55 59 105 58 50 93 48 20 67 13 74 125 56 82 141 51 81 145 35 134 197 83 48 97 42 81 127 78 104 147 101 36 80 27 50 100 31 83 138 55 85 145 47 92 154 45 45 94 39 57 101 50 30 72 22 89 134 77 73 122 56 76 130 52 62 120 33 84 146 45 14 61 6 84 129 74 48 91 35 96 140 79 60 106 41 45 97 25 21 78 1 135 198 109 61 106 51 69 113 54 71 112 52 45 89 26 59 105 40 109 160 93 42 97 29 67 127 53 54 99 42 5 49 0 62 104 40 57 102 35 63 109 44 85 135 72 52 103 44 55 113 54 43 87 28 66 110 47 68 112 51 50 96 32 64 114 45 72 125 55 53 108 43 49 108 50 
158 207 1 158 206 0 155 204 0 156 205 0 156 207 4 155 208 6 154 207 5 153 205 6 160 208 0 158 206 0 156 205 0 154 206 0 156 207 4 155 208 6 153 207 9 151 205 7 161 209 3 160 208 0 157 206 0 155 207 1 156 207 4 155 208 6 152 206 8 151 205 7 162 211 6 161 209 0 158 207 1 156 208 2 156 207 4 154 206 7 151 205 7 149 203 5 164 213 10 163 211 1 160 209 3 156 208 2 156 207 4 154 206 7 150 204 6 148 201 5 166 215 12 165 213 3 161 211 2 157 209 3 156 207 4 153 205 6 149 203 5 147 200 4 168 217 14 166 214 4 162 212 3 158 210 4 156 207 4 153 205 6 148 202 4 146 199 3 169 218 13 167 215 5 162 212 3 158 210 4 156 207 4 153 205 6 148 201 5 145 198 2 
44 94 25 47 98 31 60 114 39 78 136 51 93 156 49 102 168 42 108 180 34 118 188 29 35 84 19 39 90 24 51 102 33 68 123 42 82 142 44 93 158 42 105 172 40 117 186 35 29 78 13 32 83 17 42 94 22 55 110 29 66 125 31 78 141 34 94 159 39 109 176 37 27 76 11 30 79 13 37 87 14 47 100 20 55 111 20 64 124 26 80 142 35 96 158 35 27 73 9 28 75 5 33 81 5 39 91 9 46 100 14 53 109 18 66 122 31 78 137 31 33 79 15 29 76 4 29 78 0 34 83 1 39 91 8 45 99 15 54 107 27 63 118 25 56 102 37 45 91 16 34 82 0 33 83 0 37 86 4 39 90 11 44 96 22 50 103 23 78 126 66 62 109 41 43 91 15 35 84 3 34 86 4 36 87 8 38 90 15 41 94 12 
101 166 0 76 142 0 73 138 0 99 162 9 110 169 27 91 148 17 79 134 17 85 138 32 99 164 0 82 147 0 71 135 0 79 141 0 96 153 22 98 153 34 82 135 31 65 116 24 89 153 0 78 139 0 70 130 0 79 137 1 93 149 24 88 142 31 59 113 15 33 85 0 80 140 0 67 126 0 73 131 0 94 150 25 91 145 31 56 108 7 26 79 0 20 71 0 78 135 4 76 131 3 82 136 14 84 136 25 60 112 11 28 78 0 23 74 0 39 90 23 81 135 15 88 138 23 75 124 17 41 91 0 17 67 0 23 74 0 52 103 36 76 127 70 73 126 10 66 114 14 41 88 0 11 59 0 9 57 0 38 87 22 78 127 72 99 151 103 60 111 8 30 74 0 5 48 0 10 53 0 30 74 11 52 99 45 81 128 82 105 155 117 
75 129 105 75 129 106 75 127 105 75 127 104 76 126 99 77 125 99 76 125 96 78 124 98 73 127 103 73 127 103 73 125 102 75 125 100 75 124 95 75 124 94 77 123 94 77 122 93 69 124 95 69 124 95 70 123 93 71 122 91 72 122 87 72 122 85 74 121 85 73 120 84 65 120 88 66 120 86 68 120 84 68 120 82 68 118 80 68 119 76 70 118 76 70 118 76 62 116 80 62 117 78 64 116 77 64 117 73 65 117 71 65 117 69 65 117 69 65 117 68 59 114 74 59 114 72 61 114 72 62 115 69 63 115 67 63 115 66 64 116 67 64 117 65 59 111 72 59 112 70 60 113 71 60 113 67 61 115 66 61 115 65 61 115 65 62 116 66 58 110 72 59 111 72 59 112 70 60 113 71 60 113 69 61 114 68 61 114 68 61 114 68 
79 117 104 73 114 100 73 111 100 70 110 99 70 108 97 60 100 89 51 88 80 41 78 71 48 84 72 46 82 70 46 82 72 50 86 76 56 92 82 58 94 84 55 90 83 52 87 80 60 93 82 55 88 77 48 81 72 44 77 68 43 76 67 42 75 66 39 72 65 37 68 62 31 61 51 28 58 48 25 55 47 25 55 47 28 58 50 31 61 53 32 61 56 32 62 54 15 42 33 15 42 33 17 44 37 21 48 41 27 54 47 32 59 52 34 61 56 36 63 56 31 54 46 29 55 46 31 54 48 28 53 47 29 52 46 25 50 44 26 48 45 23 48 42 8 29 22 8 31 23 10 31 26 10 33 27 12 33 28 12 35 29 15 35 33 13 39 30 10 33 27 9 32 26 8 31 25 6 29 23 4 27 21 4 27 21 6 28 25 6 31 25 
62 103 71 60 104 69 63 105 69 61 106 67 64 106 66 63 109 63 66 110 61 64 111 57 59 102 72 59 103 70 60 104 71 61 105 70 62 106 70 63 108 69 64 109 66 65 111 65 57 100 72 57 101 68 58 102 69 59 103 68 61 105 69 62 107 68 63 108 67 63 108 65 55 98 70 56 99 69 56 99 69 58 102 69 59 103 68 60 104 68 61 106 67 61 106 65 58 101 74 58 101 73 59 102 74 59 102 72 60 104 71 61 105 70 62 106 70 62 107 68 61 104 77 61 104 77 61 104 77 61 104 76 61 104 74 61 105 72 61 105 70 61 105 69 59 103 78 58 102 77 58 102 77 57 101 74 56 101 72 55 100 69 55 100 67 54 100 64 54 98 73 53 97 72 53 97 72 51 95 70 50 94 67 49 94 65 48 93 62 47 92 59 
105 149 114 103 148 109 101 144 101 97 141 92 95 137 87 93 136 82 92 136 77 92 137 72 105 149 113 103 148 107 101 144 98 97 141 90 94 137 83 92 135 79 90 134 73 90 135 68 106 148 108 104 147 102 102 144 96 98 141 88 94 137 81 91 135 74 89 133 70 88 133 66 101 144 99 100 144 95 99 142 89 97 140 84 94 138 77 92 136 73 90 135 70 89 134 65 95 139 90 95 139 86 96 139 85 95 139 80 96 138 75 96 138 74 95 137 71 94 137 68 90 134 81 91 136 81 93 137 78 94 138 77 96 138 74 96 138 72 96 139 70 96 139 70 90 133 77 91 135 76 92 136 75 93 137 74 96 138 72 96 139 70 95 138 69 94 137 68 90 133 77 91 135 76 93 137 76 94 138 75 95 137 73 94 136 70 93 135 69 92 134 68 
49 96 44 50 96 47 51 97 48 52 98 51 54 100 53 55 101 54 56 102 55 57 103 56 50 96 47 50 98 50 51 99 51 52 100 52 53 101 53 54 102 54 54 102 54 55 103 55 51 98 46 52 99 47 52 99 47 53 100 48 53 99 50 54 100 51 54 100 51 54 100 51 51 98 43 52 99 44 52 99 44 52 99 45 52 99 45 52 99 47 52 99 47 52 98 49 50 98 40 50 98 40 50 98 40 50 97 42 50 97 42 51 98 44 51 98 46 51 98 46 47 95 35 47 95 35 47 95 37 48 96 38 48 95 40 49 96 42 49 96 44 50 96 47 45 90 31 46 91 34 46 91 36 47 92 37 49 93 40 50 94 41 50 94 45 51 94 48 43 88 29 44 89 32 45 90 35 46 90 37 47 91 38 49 93 42 50 93 47 50 93 48 
46 93 21 49 97 21 54 103 22 61 110 29 66 115 36 67 115 39 64 112 38 59 110 33 44 91 21 47 95 21 52 101 22 59 108 27 64 113 34 66 114 38 64 112 38 61 110 31 42 89 21 44 91 19 49 97 21 55 104 25 61 110 31 64 112 36 63 111 37 61 109 33 40 86 21 41 88 16 45 93 17 52 101 22 58 107 28 62 110 34 62 110 36 61 109 33 39 85 20 40 87 17 43 91 17 49 97 21 55 104 25 60 108 32 61 109 35 61 109 33 40 86 22 41 88 18 42 90 16 47 95 19 53 102 23 58 107 28 60 108 34 60 108 34 42 88 24 42 89 21 43 91 17 46 94 18 52 101 22 56 105 26 59 107 33 60 108 34 44 90 26 43 89 24 43 90 20 46 94 20 51 99 25 56 104 30 58 105 33 59 107 33 
49 92 36 48 93 34 49 93 34 48 93 36 49 92 36 48 93 36 50 93 37 49 94 37 47 91 38 47 92 37 47 91 38 47 92 37 47 92 37 47 92 37 47 92 37 48 93 36 46 90 39 46 90 37 46 90 39 46 90 37 46 90 37 46 90 37 46 90 37 46 91 36 46 90 41 46 90 41 45 89 40 45 89 38 45 89 38 45 89 38 44 88 37 44 88 35 46 89 43 46 89 43 45 88 42 45 88 42 44 87 41 44 88 39 44 88 39 43 87 38 47 90 47 47 90 47 46 89 46 45 88 43 45 88 43 44 87 42 43 86 41 43 86 40 48 90 50 48 90 50 47 89 49 46 88 48 45 87 47 44 87 44 44 87 44 43 86 43 49 91 55 48 90 52 47 89 53 47 89 51 46 88 50 45 87 47 44 86 48 44 86 46 
